Ajaccio               41.92  8.74   10  41.92  8.74   10
Algiers_(Alžir)       36.75  3.04   50  36.75  3.04   50
Amsterdam             52.37  4.90   10  52.37  4.90   10
Ancona                43.61 13.51   50  43.61 13.51   20
Andorra               42.51  1.53 1000  42.51  1.53 1000
Aržano                43.58 17.00  630  43.58 17.00  630
Athens_(Atena)        37.98 23.70   20  37.98 23.70    0
Augsburg              48.37 10.90  480  48.37 10.90  480
Babin_Zub             43.37 22.61 1600  43.37 22.61 1600
Babina_Greda          45.12 18.54   80  45.12 18.54   80
Bakar                 45.31 14.54   10  45.31 14.54   10
Balaton               46.91 17.87  100  46.91 17.87  100
Banja_Luka            44.76 17.19  170  44.76 17.19  170
Barcelona             41.39  2.17   20  41.39  2.17   20
Bar                   42.10 19.10    0  42.10 19.10    0
Bari                  41.13 16.85   10  41.13 16.85   10
Barletta              41.32 16.28   10  41.32 16.28   10
Baška                 44.97 14.75    0  44.97 14.75    0
Baška_Voda            43.36 16.95   10  0 0 Brela
Baške_Oštarije        44.53 15.17  920  44.53 15.17  920
Bedekovčina           46.04 16.00  160  46.04 16.00  160
Begovo_Razdolje       45.31 14.90 1070  45.31 14.90 1070
Beli_Manastir         45.77 18.61  100  45.77 18.61  100
Benkovac              44.03 15.61  180  44.03 15.61  180
Beograd               44.79 20.46  100  44.79 20.46  100
Berlin                52.52 13.40   40  52.52 13.40   40
Bern                  46.95  7.44  540  46.95  7.44  540
Bucharest_(Bukurešt)  44.44 26.10   70  44.44 26.10   70
Bibinje               44.07 15.28   10  0 0 Zadar
Bihać                 44.81 15.87  230  44.81 15.87  230
Bijele_i_Samarske_st. 45.22 14.97 1100  45.22 14.97 1100
Biograd_na_Moru       43.94 15.45   10  0 0 Pakoštane
Biokovo-Sveti_Jure    43.34 17.05 1762  43.34 17.05 1770
Biorine               43.55 16.83  400  43.55 16.83  400
Bistra                45.90 15.87  150  45.90 15.87  150
Biševo                42.97 16.01   10  42.97 16.01   10
Bitolj                41.03 21.33  620  41.03 21.33  620
Bjelašnica            43.70 18.25 2060  43.70 18.25 2060
Bjelolasica-Kula      45.27 14.96 1530  45.27 14.96 1530
Bjelovar              45.90 16.84  130  45.90 16.84  130
Bled                  46.36 14.09  480  46.36 14.09  480
Blidinje_Risovac      43.65 17.56 1270  43.65 17.56 1270
Blitvenica            43.63 15.58    0  43.63 15.58    0
Bohinjska_Bistrica    46.27 13.96  520  46.27 13.96  520
Bojin_Kuk             44.35 15.41 1100  44.35 15.41 1100
Bol-Brač              43.26 16.66   10  43.26 16.66   10
Bologna               44.49 11.34   70  44.49 11.34   70
Bolzano               46.49 11.33  260  46.49 11.33  260
Bormio                46.47 10.37 1200  46.47 10.37 1200
Bosanska_Gradiška     45.15 17.25   90  45.15 17.25   90
Bosanska_Krupa        44.88 16.15  160  44.88 16.15  160
Bosanski_Petrovac     44.55 16.36  670  44.55 16.36  670
Bosansko_Grahovo      44.18 16.36  860  44.18 16.36  860
Bosiljevo             45.41 15.29  210  45.41 15.29  210
Božava                44.14 14.91    0  44.14 14.91    0
Bratislava            48.15 17.11  150  48.15 17.11  150
Bratunac              44.19 19.33  180  44.19 19.33  180
Brčko                 44.87 18.81   90  44.87 18.81   90
Brdovec               45.87 15.76  150  45.89 15.71  150
Brela                 43.37 16.93   10  43.37 16.93   10
Brescia               45.54 10.22  160  45.54 10.22  160
Brezovo_Polje-Psunj   45.38 17.33  990  45.38 17.33  990
Bribir                45.16 14.76  160  45.16 14.76  160
Brindisi              40.64 17.94   10  40.64 17.94   10
Brinje                45.00 15.13  480  45.00 15.13  480
Briuni                44.91 13.75    0  0 0 Fažana
Brno                  49.19 16.61  220  49.19 16.61  220
Brodarica             43.68 15.92    0  43.68 15.92    0
Brodski_Stupnik       45.16 17.81  100  45.16 17.81  100
Brusje                43.19 16.49  320  43.19 16.49  320
Brussel_(Brisel)      50.84  4.36   50  50.84  4.36   50
Brušane               44.50 15.27  590  44.50 15.27  590
Bruška                44.08 15.75  410  44.08 15.75  410
Bruvno                44.40 15.90  770  44.40 15.90  770
Budapest              47.48 19.05  110  47.48 19.05  110
Budva                 42.28 18.83    0  42.28 18.83    0
Bugojno               44.06 17.45  570  44.06 17.45  570
Buje                  45.41 13.66  180  45.41 13.66  180
Bukovica              44.10 15.73  630  44.10 15.73  630
Bunić                 44.67 15.61  680  44.67 15.61  680
Buzet                 45.41 13.96   90  45.41 13.96   90
Cagliari              39.22  9.11   20  39.22  9.11   20
Cavtat                42.58 18.21    0  42.58 18.21    0
Cazin                 44.97 15.94  340  44.97 15.94  340
Celje                 46.24 15.28  260  46.24 15.28  260
Cetingrad             45.16 15.74  220  45.16 15.74  220
Cincar                43.90 17.06 2000  43.90 17.06 2000
Cista_Provo           43.51 16.94  510  0 0 Lovreć
Cista_Velika          43.54 16.86  510  43.54 16.86  510
Civljane              43.95 16.40  400  43.95 16.40  400
Copenhagen            55.67 12.57    0  55.67 12.57    0
Corno_Grande          42.47 13.56 2910  42.47 13.56 2910
Cortina_d_Ampezzo     46.54 12.14 1200  46.54 12.14 1600
Cres                  44.95 14.40    0  44.95 14.40    0
Crikvenica            45.18 14.69   10  45.18 14.69   10
Crkveni_Pribić        45.68 15.52  170  45.68 15.52  170
Crnopac               44.25 15.83 1400  44.25 15.83 1400
Čabar                 45.59 14.64  500  45.59 14.64  500
Čačak                 43.88 20.35  240  43.88 20.35  240
Čakovec               46.39 16.44  170  46.39 16.44  170
Čapljina              43.11 17.71   10  43.11 17.71   10
Čavle                 45.36 14.49  310  45.36 14.49  310
Čazma                 45.75 16.61  140  45.75 16.61  140
Čepin                 45.52 18.57   90  45.52 18.57   90
Čilipi                42.56 18.27  150  42.56 18.27  150
Čista_Velika          43.89 15.79  130  43.89 15.79  130
Črešnjevo-Beretinec   46.25 16.29  190  46.25 16.27  190
Črnomelj              45.57 15.19  160  45.57 15.19  160
Ćelavac               44.26 15.78 1200  44.26 15.78 1200
Ćićarija              45.44 14.14  700  45.44 14.14  700
Daruvar               45.59 17.22  160  45.59 17.22  160
Delnice               45.40 14.80  700  45.40 14.80  700
Delta_Del_Po          44.97 12.26    0  44.97 12.26    0
Dinara                44.06 16.39 1830  44.06 16.39 1830
Dinara-V.Duvjakuša    43.93 16.57 1630  43.93 16.57 1630
Doboj                 44.73 18.08  130  44.73 18.08  130
Donja_Stubica         45.98 15.97  190  45.98 15.97  190
Donja_Stupnica        45.13 16.28  180  45.13 16.28  180
Donja_Zdenčina        45.67 15.76  130  45.67 15.76  130
Donji_Andrijevci      45.19 18.30   90  0 0 Velika_Kopanica
Donji_Lapac           44.55 15.95  590  44.55 15.95  590
Donji_Lug             44.48 18.09  220  0 0 Žepče
Donji_Miholjac        45.76 18.17   90  45.76 18.17   90
Draganić              45.60 15.60  140  45.60 15.60  140
