4.7 
0.0 
0.0 
0.0 
0.0 
0.0 
0.0 
0.0 
0.0 
0.0 
1.8 
4.7 
4.1 
3.9 
3.9 
4.5 
4.5 
4.7 
4.5 
4.5 
4.5 
4.6 
4.5 
4.5 
5.6 
4.6 
4.1 
3.9 
4.9 
4.3 
4.2 
4.5 
0.0 
1.8 
1.8 
1.8 
1.8 
1.8 
6.7 
10.0 
10.0 
10.0 
10.0 
10.0 
10.0 
10.0 
6.7 
10.0 
10.0 
6.7 
6.7 
6.7 
6.7 
6.7 
6.7 
5.9 
6.2 
7.1 
6.5 
5.6 
5.6 
5.5 
5.5 
5.6 
4.9 
4.6 
4.0 
4.0 
4.0 
4.0 
4.0 
3.9 
1.7 
0.0 
0.0 
0.0 
0.0 
0.0 
0.0 
0.0 
0.3 
0.0 
0.0 
0.0 
0.0 
3.0 
2.6 
1.6 
0.7 
0.0 
0.0 
0.0 
0.0 
0.0 
1.8 
3.3 
5.9 
5.7 
6.5 
6.7 
5.0 
1.6 
1.8 
0.0 
1.6 
0.0 
0.0 
0.0 
0.0 
0.0 
0.0 
0.0 
0.0 
0.0 
0.0 
0.0 
0.0 
0.0 
0.0 
0.0 
