82.1 
81.6 
82.0 
82.5 
83.8 
84.7 
81.2 
72.4 
65.3 
60.4 
56.2 
53.4 
51.8 
51.8 
55.6 
64.8 
73.0 
75.3 
77.0 
75.2 
83.8 
83.5 
82.6 
80.5 
77.9 
78.5 
79.8 
82.8 
84.4 
85.1 
84.7 
83.4 
82.5 
80.7 
80.1 
83.9 
83.2 
83.4 
85.0 
84.9 
85.7 
88.2 
90.6 
90.2 
89.4 
87.7 
78.4 
72.5 
71.5 
70.1 
73.1 
76.3 
77.2 
79.0 
74.9 
70.3 
63.5 
56.8 
50.5 
46.5 
44.8 
45.2 
48.1 
55.1 
58.9 
60.8 
60.9 
63.2 
63.6 
65.4 
65.8 
65.4 
65.3 
65.2 
65.3 
65.6 
66.6 
67.6 
64.6 
58.8 
55.2 
51.0 
46.0 
41.7 
40.2 
40.7 
43.0 
52.0 
55.9 
57.7 
49.2 
60.9 
61.2 
64.6 
66.6 
69.2 
70.7 
71.1 
70.1 
69.1 
68.7 
68.3 
63.5 
56.6 
52.1 
49.8 
46.0 
44.4 
44.4 
46.4 
52.0 
67.3 
74.8 
77.0 
82.9 
85.8 
86.8 
86.0 
84.1 
84.8 
