0.0 
0.0 
0.0 
0.0 
0.0 
0.0 
0.0 
0.0 
0.0 
0.0 
0.0 
0.0 
0.0 
0.0 
0.0 
0.0 
0.0 
0.0 
0.0 
0.0 
0.0 
0.0 
0.0 
4.5 
14.1 
12.5 
7.7 
5.0 
5.4 
6.2 
7.0 
9.2 
11.4 
12.4 
12.7 
11.1 
11.2 
12.8 
9.7 
7.8 
7.7 
8.7 
10.7 
13.7 
14.7 
15.1 
5.5 
6.2 
3.4 
2.0 
0.0 
0.6 
0.2 
0.0 
0.0 
0.0 
0.0 
0.0 
0.2 
2.1 
4.6 
6.7 
8.9 
9.2 
8.1 
7.4 
9.1 
9.2 
3.6 
0.0 
0.0 
2.0 
1.9 
0.1 
0.0 
0.0 
0.0 
0.0 
0.0 
0.0 
0.0 
0.0 
0.0 
0.5 
8.9 
11.6 
11.2 
5.1 
0.3 
1.0 
4.7 
13.9 
13.8 
8.5 
10.1 
7.5 
2.0 
0.0 
0.0 
0.0 
0.0 
0.0 
0.0 
0.0 
0.0 
0.0 
0.0 
0.0 
0.0 
0.0 
0.0 
0.0 
0.0 
0.0 
0.0 
0.0 
0.0 
0.0 
1.5 
3.1 
