-100.0 
-100.0 
-100.0 
-100.0 
-100.0 
-100.0 
-100.0 
95.7 
187.5 
274.2 
352.4 
427.0 
490.0 
530.9 
536.2 
508.6 
369.3 
384.8 
382.7 
394.0 
-66.8 
-94.7 
-100.0 
-50.0 
217.3 
844.4 
813.7 
789.1 
805.2 
797.8 
749.8 
686.2 
620.8 
545.3 
488.9 
468.5 
484.3 
470.6 
469.3 
490.8 
451.4 
368.1 
366.2 
394.8 
398.8 
429.4 
404.4 
399.7 
365.4 
310.7 
211.0 
163.3 
156.7 
149.8 
158.9 
187.5 
235.9 
293.1 
347.9 
403.5 
445.2 
455.7 
438.7 
351.8 
290.0 
269.5 
222.9 
150.4 
-10.7 
-100.0 
-100.0 
-100.0 
-100.0 
-100.0 
-100.0 
-100.0 
-100.0 
-100.0 
-100.0 
94.1 
183.9 
256.7 
318.9 
384.1 
437.0 
470.6 
476.5 
396.7 
362.2 
363.5 
462.7 
375.4 
30.2 
-92.1 
-100.0 
-100.0 
-100.0 
-100.0 
-100.0 
-100.0 
-100.0 
-100.0 
-100.0 
56.7 
129.3 
195.7 
255.3 
323.8 
393.6 
442.6 
450.2 
318.1 
308.8 
107.2 
-100.0 
-100.0 
-100.0 
-100.0 
-58.6 
-100.0 
