6.3 
6.0 
5.5 
4.8 
4.5 
4.6 
4.7 
4.5 
4.6 
4.6 
4.7 
4.6 
4.7 
5.2 
5.2 
5.5 
5.4 
5.6 
5.7 
5.4 
5.2 
5.3 
5.7 
5.7 
5.3 
4.9 
3.9 
3.1 
4.0 
3.8 
3.8 
3.8 
3.8 
3.6 
4.0 
4.1 
4.5 
5.5 
5.5 
5.5 
4.8 
3.8 
4.9 
5.5 
4.2 
4.9 
4.3 
3.9 
4.1 
3.8 
4.5 
4.1 
3.8 
4.0 
4.0 
3.9 
4.5 
4.3 
4.6 
4.3 
4.1 
3.9 
4.3 
4.2 
4.2 
4.3 
4.8 
4.9 
5.1 
5.2 
5.2 
5.1 
4.8 
4.8 
4.1 
2.5 
2.9 
3.4 
3.5 
3.7 
4.1 
4.7 
4.9 
5.3 
5.4 
5.5 
5.3 
5.0 
4.8 
5.1 
5.6 
5.9 
6.0 
6.2 
6.3 
6.3 
6.3 
6.2 
5.9 
4.9 
4.4 
4.5 
4.2 
4.3 
4.0 
4.1 
4.4 
4.5 
4.1 
4.4 
4.4 
4.6 
4.4 
5.0 
6.4 
6.9 
7.1 
7.3 
7.5 
7.7 
