-5.4 
-5.2 
-5.3 
-5.5 
-5.7 
-6.0 
-6.0 
-5.7 
-5.4 
-5.1 
-5.0 
-5.0 
-5.1 
-5.1 
-4.7 
-4.5 
-4.4 
-4.4 
-4.4 
-4.7 
-4.9 
-5.1 
-5.0 
-5.4 
-5.6 
-5.7 
-5.7 
-5.7 
-5.6 
-5.4 
-5.2 
-4.7 
-4.4 
-4.1 
-3.7 
-3.5 
-3.0 
-2.4 
-2.0 
-1.7 
-1.4 
-1.8 
-1.7 
-1.3 
-1.2 
-1.1 
-1.2 
-1.1 
-1.5 
-1.8 
-1.7 
-1.8 
-1.4 
-1.1 
-1.0 
-0.9 
-0.5 
-1.0 
-1.3 
-1.4 
-1.7 
-2.0 
-2.2 
-2.5 
-3.0 
-3.4 
-3.7 
-4.0 
-4.2 
-4.3 
-4.3 
-4.4 
-4.7 
-4.9 
-5.0 
-5.4 
-5.8 
-6.7 
-8.0 
-8.6 
-8.7 
-8.8 
-9.1 
-9.2 
-9.6 
-10.6 
-11.5 
-12.1 
-12.6 
-13.0 
-13.8 
-14.6 
-15.2 
-15.6 
-16.0 
-16.1 
-16.0 
-15.9 
-15.9 
-16.0 
-16.1 
-16.3 
-16.3 
-16.6 
-16.6 
-16.8 
-16.9 
-16.8 
-16.7 
-16.6 
-16.4 
-16.3 
-16.3 
-16.3 
-16.4 
-16.3 
-16.3 
-16.6 
-17.3 
-17.4 
