4.3 
6.0 
5.9 
4.7 
4.0 
2.6 
2.4 
2.5 
2.0 
1.4 
1.0 
1.1 
1.6 
2.4 
2.8 
3.3 
4.2 
4.0 
4.0 
3.8 
3.4 
3.1 
2.7 
3.0 
2.5 
3.4 
1.3 
1.4 
2.4 
2.8 
1.6 
0.4 
0.4 
1.2 
2.3 
2.4 
2.9 
4.2 
5.8 
7.2 
6.7 
6.4 
4.6 
3.6 
9.1 
11.6 
14.0 
13.6 
11.8 
12.6 
13.6 
12.9 
12.7 
13.2 
13.0 
13.5 
11.3 
10.2 
9.8 
8.9 
8.3 
7.5 
7.0 
6.8 
6.5 
7.4 
7.9 
6.5 
3.6 
6.4 
6.1 
5.9 
5.6 
3.4 
3.2 
3.1 
2.8 
2.3 
1.3 
1.1 
0.4 
1.0 
1.5 
2.1 
2.3 
2.2 
2.0 
1.6 
2.0 
2.4 
2.6 
2.7 
4.2 
6.7 
6.1 
3.2 
3.0 
3.0 
2.9 
2.6 
2.4 
2.2 
1.6 
1.2 
0.4 
1.1 
1.6 
2.2 
2.8 
3.3 
3.5 
3.5 
3.9 
3.5 
2.8 
2.2 
1.8 
1.9 
1.9 
1.7 
