100.0 
100.0 
100.0 
100.0 
100.0 
100.0 
100.0 
100.0 
100.0 
100.0 
100.0 
100.0 
100.0 
100.0 
100.0 
100.0 
100.0 
100.0 
100.0 
100.0 
100.0 
100.0 
100.0 
100.0 
100.0 
100.0 
100.0 
100.0 
100.0 
100.0 
100.0 
100.0 
100.0 
100.0 
100.0 
100.0 
100.0 
100.0 
100.0 
100.0 
100.0 
100.0 
100.0 
100.0 
100.0 
100.0 
100.0 
100.0 
100.0 
100.0 
100.0 
100.0 
100.0 
100.0 
100.0 
100.0 
100.0 
100.0 
100.0 
100.0 
100.0 
100.0 
100.0 
100.0 
100.0 
100.0 
100.0 
100.0 
100.0 
100.0 
100.0 
100.0 
100.0 
92.2 
96.4 
100.0 
100.0 
100.0 
100.0 
100.0 
100.0 
100.0 
100.0 
100.0 
100.0 
100.0 
100.0 
100.0 
100.0 
100.0 
100.0 
100.0 
99.8 
61.8 
33.3 
33.7 
36.0 
95.4 
100.0 
100.0 
100.0 
100.0 
69.7 
73.9 
22.3 
42.1 
27.7 
0.0 
0.0 
0.0 
0.0 
0.0 
21.1 
24.2 
54.5 
88.8 
99.9 
100.0 
100.0 
100.0 
