-0.2 
-0.1 
-0.1 
-0.2 
-0.5 
-0.6 
-0.5 
-0.2 
0.0 
0.3 
0.4 
0.5 
0.5 
0.2 
-0.4 
-0.8 
-1.1 
-1.3 
-1.5 
-1.4 
-1.0 
-0.5 
0.1 
0.7 
1.2 
1.4 
1.4 
1.2 
1.0 
0.8 
0.8 
0.8 
0.8 
0.8 
0.6 
0.5 
0.3 
-0.1 
-0.4 
-0.6 
-0.6 
-0.5 
-0.5 
-0.3 
0.0 
0.4 
0.8 
1.2 
1.5 
1.6 
1.7 
1.8 
1.9 
2.0 
2.1 
2.0 
1.7 
1.5 
1.2 
0.9 
0.4 
-0.2 
-0.9 
-1.6 
-2.3 
-3.0 
-3.4 
-3.3 
-2.8 
-2.2 
-1.7 
-1.4 
-1.1 
-1.0 
-1.1 
-1.3 
-1.9 
-2.7 
-3.2 
-3.4 
-4.0 
-4.6 
-5.3 
-5.7 
-6.2 
-6.7 
-7.0 
-7.2 
-7.5 
-7.8 
-7.9 
-8.0 
-8.4 
-8.7 
-9.0 
-9.1 
-9.2 
-9.3 
-9.4 
-9.6 
-9.8 
-10.1 
-10.5 
-10.7 
-10.9 
-11.0 
-11.3 
-11.6 
-11.9 
-12.3 
-12.9 
-13.4 
-13.7 
-13.8 
-13.7 
-13.2 
-12.6 
-11.9 
-11.4 
-11.0 
