348.6 
346.8 
347.8 
347.1 
343.0 
337.6 
340.4 
342.3 
349.7 
344.6 
285.0 
246.6 
232.0 
232.6 
226.7 
216.6 
216.1 
216.8 
224.1 
230.5 
236.0 
230.6 
218.0 
218.4 
231.6 
217.5 
187.1 
228.2 
247.0 
257.6 
267.6 
284.1 
305.3 
81.8 
62.3 
54.7 
46.1 
48.0 
51.4 
44.1 
34.8 
23.6 
26.9 
29.9 
23.9 
12.6 
16.4 
12.2 
4.6 
6.9 
7.9 
4.3 
357.0 
0.8 
5.9 
8.5 
7.8 
8.5 
8.6 
9.6 
12.0 
13.8 
15.8 
17.4 
3.5 
355.0 
350.6 
333.6 
320.8 
321.0 
323.1 
321.1 
318.1 
318.6 
319.9 
321.5 
328.6 
327.4 
317.7 
327.8 
254.9 
243.1 
252.1 
261.7 
265.9 
269.8 
279.7 
297.3 
314.0 
319.6 
319.4 
336.9 
30.8 
41.5 
34.1 
13.7 
358.3 
351.1 
344.6 
339.5 
330.4 
325.6 
326.5 
330.5 
250.7 
226.8 
225.1 
220.1 
216.0 
216.3 
206.3 
192.1 
191.2 
183.4 
183.6 
184.3 
191.2 
187.3 
187.5 
186.6 
