1013.1 
1012.8 
1012.8 
1012.7 
1013.3 
1013.1 
1013.2 
1013.0 
1013.2 
1013.1 
1012.3 
1012.0 
1012.1 
1011.7 
1011.0 
1010.5 
1010.9 
1010.5 
1010.3 
1011.2 
1012.0 
1012.0 
1011.1 
1011.5 
1012.2 
1012.1 
1012.0 
1012.5 
1013.3 
1013.2 
1012.8 
1013.1 
1013.6 
1013.5 
1012.9 
1013.0 
1013.2 
1012.2 
1011.1 
1010.8 
1011.7 
1012.5 
1012.1 
1012.6 
1013.7 
1014.0 
1013.2 
1013.5 
1014.5 
1014.8 
1014.4 
1014.8 
1015.8 
1016.0 
1016.0 
1016.7 
1017.4 
1017.9 
1017.7 
1018.3 
1019.1 
1019.4 
1019.0 
1019.4 
1020.9 
1021.5 
1021.6 
1021.8 
1022.2 
1022.0 
1020.9 
1020.6 
1020.6 
1020.1 
1019.3 
1019.5 
1020.5 
1020.9 
1021.0 
1021.1 
1021.8 
1022.0 
1021.7 
1021.8 
1022.4 
1022.6 
1022.3 
1022.1 
1022.8 
1023.1 
1022.9 
1023.2 
1023.6 
1023.5 
1022.5 
1022.2 
1022.2 
1022.0 
1021.5 
1021.6 
1022.5 
1022.5 
1022.3 
1022.4 
1022.9 
1023.0 
1022.2 
1022.0 
1022.0 
1021.6 
1020.9 
1020.6 
1021.0 
1020.8 
1020.4 
1020.0 
1019.6 
1019.0 
1017.7 
1017.1 
