100.0
99.9
100.0
100.0
100.0
100.0
100.0
100.0
100.0
100.0
100.0
100.0
100.0
100.0
100.0
100.0
100.0
100.0
100.0
100.0
100.0
100.0
100.0
100.0
100.0
100.0
100.0
100.0
100.0
100.0
100.0
100.0
100.0
100.0
100.0
100.0
100.0
100.0
100.0
100.0
100.0
100.0
100.0
100.0
100.0
100.0
100.0
100.0
100.0
100.0
100.0
100.0
100.0
100.0
100.0
100.0
99.8
99.7
99.8
100.0
100.0
100.0
100.0
100.0
100.0
100.0
100.0
100.0
99.9
99.9
96.9
82.4
73.1
82.3
89.9
93.8
93.0
93.7
96.1
96.5
97.0
99.4
100.0
100.0
100.0
100.0
100.0
100.0
99.9
99.8
99.3
96.2
83.5
51.9
45.4
46.9
64.5
82.6
89.5
85.6
81.3
77.0
61.8
62.5
45.1
50.6
38.8
18.8
9.1
8.1
16.5
28.0
35.0
38.2
51.1
62.1
78.5
88.3
95.8
98.8
