29.0
29.0
17.6
17.1
22.3
33.9
34.0
32.6
35.3
36.4
37.6
38.3
38.5
39.3
39.7
40.0
39.2
38.4
39.9
42.4
42.5
42.5
40.4
40.4
31.1
32.6
32.7
29.4
26.3
32.4
40.7
41.1
41.2
41.4
41.4
38.7
38.5
43.9
45.0
45.0
41.3
45.7
46.2
44.8
43.8
43.8
40.0
38.7
43.7
43.7
42.4
42.4
42.1
42.1
41.5
41.1
40.2
36.7
37.6
37.8
33.5
33.9
33.1
27.2
27.3
26.6
24.3
24.3
20.5
25.5
25.5
25.5
4.4
2.2
1.2
1.1
0.0
0.0
0.0
0.0
0.0
0.0
0.0
11.8
20.8
24.3
24.1
25.0
25.1
23.1
16.8
3.0
3.0
3.0
0.0
0.0
0.0
0.0
0.0
0.0
0.0
0.0
0.0
0.0
0.0
0.0
0.8
0.8
0.8
0.8
0.0
0.0
0.0
0.0
0.0
0.0
0.0
3.2
6.3
6.3
