0.1,4,8
0.1,1,2
0.0,0,0
0.1,0,0
0.0,0,0
0.0,5,10
0.1,6,12
0.1,16,33
0.4,48,98
0.5,49,100
0.5,49,100
0.7,49,100
0.7,49,100
0.5,47,96
0.7,48,98
0.9,49,100
1.0,49,100
0.9,49,100
0.6,49,100
1.1,49,100
1.5,49,100
1.6,49,100
1.0,49,100
0.5,49,100
0.3,47,96
0.3,44,90
0.3,45,92
0.3,44,90
0.2,35,71
0.2,39,80
0.2,27,55
0.2,28,57
0.5,47,96
0.8,49,100
0.8,49,100
0.7,49,100
0.7,49,100
0.5,49,100
0.4,42,86
0.7,40,82
0.6,44,90
1.2,44,90
3.0,49,100
1.6,49,100
0.9,49,100
1.3,49,100
0.8,49,100
0.5,49,100
0.5,49,100
1.6,49,100
0.9,49,100
0.6,45,92
1.0,49,100
1.0,49,100
0.4,43,88
0.3,42,86
0.4,33,67
0.2,19,39
0.1,17,35
0.1,17,35
0.2,19,39
0.5,42,86
0.6,49,100
0.5,46,94
0.4,38,78
0.3,26,53
0.2,24,49
0.1,7,14
0.0,3,6
0.0,0,0
0.0,0,0
0.0,0,0
0.0,0,0
0.0,0,0
0.0,0,0
0.0,0,0
0.0,0,0
0.0,0,0
0.0,0,0
0.0,0,0
0.0,0,0
0.0,0,0
0.0,0,0
0.0,0,0
0.1,2,4
0.1,10,20
0.1,18,37
0.1,15,31
0.0,0,0
0.0,0,0
0.0,0,0
0.0,0,0
0.0,0,0
0.0,0,0
0.0,0,0
0.0,0,0
0.0,0,0
0.0,0,0
0.0,0,0
0.0,0,0
0.0,0,0
0.0,0,0
0.0,0,0
0.0,0,0
0.0,0,0
0.0,0,0
0.0,0,0
0.0,0,0
0.0,0,0
0.0,0,0
0.0,0,0
0.0,0,0
0.0,0,0
0.0,0,0
0.0,0,0
0.0,0,0
0.0,0,0
0.0,0,0
0.0,0,0
0.0,0,0
